Результаты тестирования сортировок для размера массива: 25000
----------------------------------------------------------
Тип данных\Алгоритм	BubbleSort	InsertionSort	SelectionSort	ShellSort	QuickSort (Rec)	QuickSort (Iter)	MergeSort (Rec)	MergeSort (Iter)	HeapSort	RadixSort	BuiltInSort	
int (Случайные)		2138,7604	328,8566	821,7982	6,3038		2,8188		2,8042			2,9895		2,7436			4,4348		1,3518		0,9761	
int (Отсортированные)	0,0876	0,0665	858,0418	0,5974		1431,9029	1416,6871	1,2229			0,7736		3,7372			1,2908		0,0931	
int (Обратно отсортирт)	1494,4473	622,5291	783,2323	1,1094		876,9896	856,9570		1,9973		0,9744			3,6993		1,2662		0,1642	
int (С дубликатами)	1709,3667	273,7268	802,5057	1,4798		128,0023	123,7094		2,3449		1,9175			4,1464		1,7396		0,4116	
int (Частично упорядоч)	1059,9987	7,9500		838,5802	6,6690		8,6348		14,0349			1,4638		1,0409			3,6177		1,2174		0,1235	
double (Случайные)	1877,7426	334,1991	697,2318	3,8744		2,8301		2,8256			2,9600		2,8397			4,4103		N/A		1,4403	
string (Случайные)	15290,7566	3534,1935	6731,2299	22,8428		15,5969		14,3444			15,5256		14,6967			37,4951		N/A		21,2776	
CustomData (Случайные)	4287,5481	1142,9433	1544,3772	9,1543		6,2539		6,1849			5,9862		5,6860			9,5299		N/A		4,1854	
DateTime (Случайные)	1835,4056	406,5861	822,6436	3,9246		3,6689		2,6276			2,8669		2,7174			4,8352		N/A		1,0607	

Комментарии:
- Время указано в миллисекундах (мс).
- 'INF (SOF)' - переполнение стэка
