Результаты тестирования сортировок для размера массива: 50000
----------------------------------------------------------
Тип данных\Алгоритм	BubbleSort	InsertionSort	SelectionSort	ShellSort	QuickSort (Rec)	QuickSort (Iter)	MergeSort (Rec)	MergeSort (Iter)	HeapSort	RadixSort	BuiltInSort	
int (Случайные)		8297,9263	1228,9452	3142,6837	7,1715		5,6338		5,4865			7,4578		5,9251			9,9276		2,5126		2,1012	
int (Отсортированные)	0,1419		0,1313		3190,1124	1,2036		5352,5097	5295,6654		2,5999		1,7205			14,7896		6,2603		0,4352	
int (Обратно отсортирт)	10322,1969	4152,3199	5321,7269	2,2777		6437,3539	6565,6043		2,6491		2,0911			16,8048		6,6735		0,6166	
int (С дубликатами)	13623,4374	2030,0814	5308,6319	5,5469		882,0931	831,8678		8,4283		7,5982			14,3364		1,3458		1,7477	
int (Частично упорядоч)	7600,5872	66,0433		5915,4063	10,4364		61,0041		38,1053			5,9350		4,7174			14,3899		6,3699		0,6005	
double (Случайные)	13945,6044	2828,4883	5166,0467	12,6624		10,7612		13,3963			10,5027		12,8031			16,5904		N/A		4,9281	
string (Случайные)	81447,2713	26667,7212	49748,0938	105,8402	74,3914		63,3112			82,2102		79,3075			166,6034	N/A		83,0079	
CustomData (Случайные)	33457,0393	8672,4582	12582,5650	45,8829		23,5527		25,7239			23,3754		19,2454			37,2794		N/A		16,2630	
DateTime (Случайные)	13713,0744	3025,5212	6858,8624	12,6624		9,3224		14,8375			9,6235		10,2499			23,2786		N/A		3,6726	

Комментарии:
- Время указано в миллисекундах (мс).
- 'INF (SOF)' - переполнение стэка
