Результаты тестирования сортировок для размера массива: 50
----------------------------------------------------------
Тип данных\Алгоритм	BubbleSort	InsertionSort	SelectionSort	ShellSort	QuickSort (Rec)	QuickSort (Iter)	MergeSort (Rec)	MergeSort (Iter)	HeapSort	RadixSort	BuiltInSort	
int (Случайные)		0,6053		0,0954		0,0959		0,1970		0,2041		0,9187			0,3225		0,2291			0,2143		14,0648		0,0593	
int (Отсортированные)	0,0004		0,0005		0,0044		0,0116		0,0078		0,0177			0,0164		0,0029			0,0046		0,0187		0,0020	
int (Обратно отсортирт)	0,0071		0,0041		0,0044		0,0051		0,0081		0,0099			0,0254		0,0027			0,0036		0,0087		0,0023	
int (С дубликатами)	0,0091		0,0025		0,0053		0,0064		0,0042		0,0080			0,0110		0,0038			0,0048		0,0087		0,0031	
int (Частично упорядоч)	0,0007		0,0005		0,0041		0,0048		0,0114		0,0102			0,0385		0,0024			0,0046		0,0079		0,0017	
double (Случайные)	1,0305		0,0831		0,0838		0,1615		0,2072		0,1536			0,3851		0,1232			0,1699		N/A		1,2053	
string (Случайные)	0,8796		0,1359		0,1777		0,1860		0,3118		0,3765			0,5426		0,2031			0,2862		N/A		0,1463	
CustomData (Случайные)	0,0887		0,0085		0,0141		0,0114		0,0883		0,0306			0,1060		0,0393			0,0548		N/A		0,1363	
DateTime (Случайные)	0,1968		0,0821		0,0816		0,1868		0,2103		0,4123			0,8577		0,3049			0,3018		N/A		1,5127	

Комментарии:
- Время указано в миллисекундах (мс).
- 'INF (SOF)' - переполнение стэка
