Результаты тестирования сортировок для размера массива: 5000
----------------------------------------------------------
Тип данных\Алгоритм	BubbleSort	InsertionSort	SelectionSort	ShellSort	QuickSort (Rec)	QuickSort (Iter)	MergeSort (Rec)	MergeSort (Iter)	HeapSort	RadixSort	BuiltInSort	
int (Случайные)		96,2114		14,9203		39,5608		0,5660		0,4535		0,5655			0,5131		0,8140			1,2830		0,3684		0,1665	
int (Отсортированные)	0,0185		0,0135		33,4307		0,1040		52,4457		53,0338			0,2388		0,2341			0,7045		0,2560		0,4391	
int (Обратно отсортирт)	58,7410		26,1693		31,4933		0,1769		37,1221		34,6136			0,1925		0,4155			1,1845		0,3531		0,0483	
int (С дубликатами)	64,8983		10,6596		34,2400		0,3073		5,0570		5,4983			0,4070		0,3651			0,7027		0,0830		0,0824	
int (Частично упорядоч)	45,1845		0,3801		32,3342		0,3071		1,8782		2,3728			0,2364		0,2168			0,7278		0,6657		0,0277	
double (Случайные)	77,5733		13,7246		28,1308		0,5808		0,4838		0,4641			0,5113		0,4827			0,7110		N/A		0,8481	
string (Случайные)	713,8704	280,4740	559,5761	5,5363		4,0107		3,9902			3,4171		6,2487			5,9015		N/A		3,4973	
CustomData (Случайные)	163,8752	38,6458		64,9234		1,1779		0,9744		1,0562			0,9177		0,8336			1,4846		N/A		0,7083	
DateTime (Случайные)	68,3661		15,6171		32,4254		0,5684		0,5203		0,4837			0,5538		0,5242			0,8680		N/A		1,4012	

Комментарии:
- Время указано в миллисекундах (мс).
- 'INF (SOF)' - переполнение стэка